start=492.292473
speed=1.331000
