start=2555.636000
volume=98.000000
border=yes
gamma=15
