start=5015.051708
volume=98.000000
border=yes
