start=1122.369941
speed=1.331000
