start=1158.736730
speed=1.331000
