start=166.132633
border=yes
gamma=15
panscan=0.100000
